2045
2050
2052
2055
2057
2057
2058
2055
2051
2048
2043
2040
2038
2035
2037
2037
2039
2041
2045
2051
2055
2060
2061
2063
2065
2067
2066
2064
2061
2059
2055
2053
2050
2049
2049
2049
2050
2051
2056
2061
2067
2070
2073
2073
2075
2077
2075
2072
2068
2066
2063
2061
2059
2058
2059
2059
2060
2062
2067
2073
2077
2082
2085
2086
2089
2090
2090
2087
2084
2083
2081
2079
2076
2076
2077
2076
2079
2081
2086
2092
2097
2101
2103
2106
2109
2109
2108
2105
2102
2100
2097
2095
2092
2090
2090
2091
2092
2094
2098
2103
2108
2113
2115
2116
2117
2118
2119
2115
2112
2109
2105
2103
2100
2099
2099
2099
2100
2100
2103
2108
2111
2113
2114
2116
2116
2115
2113
2108
2104
2099
2094
2089
2085
2082
2079
2078
2076
2076
2078
2082
2083
2084
2084
2083
2082
2081
2078
2070
2066
2060
2056
2052
2048
2044
2041
2037
2035
2037
2037
2039
2043
2044
2043
2041
2042
2040
2039
2033
2028
2023
2020
2015
2011
2008
2005
2003
2003
2003
2007
2011
2015
2017
2017
2016
2018
2016
2015
2011
2006
2002
1999
1997
1993
1990
1989
1987
1988
1989
1993
1998
2003
2005
2008
2009
2010
2012
2010
2007
2003
1999
1996
1994
1992
1990
1989
1988
1989
1991
1996
2001
2005
2008
2011
2010
2013
2014
2012
2009
2005
2001
1999
1996
1993
1993
1994
1994
1996
1997
2000
2006
2010
2013
2014
2015
2017
2018
2018
2014
2012
2009
2004
2002
1999
1999
1997
1998
1999
2001
2003
2011
2015
2019
2022
2023
2026
2024
2023
2019
2016
2011
2009
2008
2006
2006
2005
2005
2005
2009
2012
2017
2022
2025
2028
2028
2032
2032
2031
2027
2023
2021
2017
2014
2013
2011
2011
2010
2010
2013
2017
2023
2026
2030
2032
2033
2035
2035
2033
2029
2024
2022
2019
2015
2013
2011
2012
2010
2011
2013
2017
2022
2026
2031
2033
2035
2038
2038
2035
2032
2029
2026
2022
2019
2015
2015
2014
2015
2017
2017
2021
2028
2032
2035
2037
2038
2040
2040
2038
2035
2031
2027
2025
2022
2020
2019
2017
2018
2018
2019
2025
2029
2032
2034
2035
2037
2040
2040
2039
2036
2033
2031
2027
2024
2022
2022
2020
2020
2021
2023
2028
2033
2036
2038
2040
2041
2043
2043
2042
2038
2035
2032
2028
2025
2022
2021
2021
2021
2022
2024
2029
2033
2038
2041
2040
2044
2045
2046
2044
2041
2038
2035
2032
2029
2027
2025
2025
2025
2026
2028
2032
2036
2041
2043
2044
2045
2048
2048
2046
2043
2040
2036
2031
2027
2024
2024
2023
2024
2025
2026
2031
2037
2041
2045
2046
2048
2050
2049
2048
2044
2041
2038
2035
2031
2028
2026
2025
2026
2026
2029
2034
2039
2044
2047
2048
2049
2051
2051
2049
2045
2042
2038
2034
2031
2028
2028
2028
2027
2028
2031
2036
2041
2047
2051
2052
2054
2056
2056
2053
2049
2045
2040
2037
2034
2031
2030
2030
2031
2032
2034
2038
2043
2047
2050
2052
2053
2054
2054
2053
2050
2045
2042
2039
2035
2032
2032
2032
2031
2033
2034
2038
2042
2048
2051
2053
2054
2055
2055
2053
2049
2045
2041
2040
2036
2034
2032
2033
2033
2034
2036
2040
2045
2051
2054
2055
2057
2059
2058
2056
2054
2049
2046
2043
2040
2037
2037
2034
2034
2035
2038
2043
2048
2053
2055
2057
2058
2060
2060
2058
2055
2051
2048
2043
2042
2039
2038
2039
2038
2039
2041
2045
2051
2054
2056
2057
2059
2061
2060
2057
2056
2052
2049
2045
2042
2039
2039
2039
2038
2038
2040
2044
2050
2052
2055
2057
2057
2060
2059
2058
2054
2051
2046
2043
2040
2039
2038
2037
2036
2038
2040
2045
2050
2055
2057
2060
2062
2063
2062
2061
2057
2054
2050
2045
2041
2039
2036
2037
2036
2038
2039
2044
2049
2052
2056
2057
2058
2061
2061
2059
2056
2052
2048
2045
2042
2040
2041
2041
2041
2042
2045
2050
2057
2060
2064
2067
2070
2070
2071
2070
2066
2063
2060
2057
2055
2053
2052
2053
2053
2055
2056
2060
2065
2069
2071
2072
2075
2076
2076
2073
2069
2065
2060
2057
2054
2051
2051
2049
2050
2050
2053
2058
2063
2065
2068
2068
2070
2070
2069
2066
2061
2059
2056
2052
2049
2047
2045
2044
2045
2046
2049
2054
2059
2062
2064
2066
2067
2068
2068
2065
2061
2059
2054
2050
2046
2045
2043
2043
2043
2044
2046
2051
2057
2062
2064
2066
2067
2067
2066
2064
2060
2057
2054
2051
2049
2045
2045
2044
2044
2045
2048
2054
2058
2062
2064
2066
2068
2070
2069
2067
2062
2059
2057
2052
2050
2049
2047
2048
2047
2048
2051
2057
2060
2063
2064
2066
2069
2068
2069
2067
2063
2060
2056
2053
2049
2048
2048
2044
2045
2045
2045
2048
2050
2051
2048
2044
2041
2037
2031
2026
2021
2016
2012
2010
2010
2010
2013
2017
2020
2023
2029
2036
2043
2054
2066
2084
2110
2137
2170
2201
2230
2258
2279
2299
2317
2334
2349
2363
2375
2389
2403
2422
2440
2455
2466
2474
2478
2475
2466
2447
2419
2388
2347
2303
2261
2219
2180
2143
2114
2094
2082
2077
2075
2073
2071
2071
2071
2069
2066
2061
2055
2049
2044
2038
2032
2028
2026
2023
2022
2021
2023
2027
2030
2032
2033
2034
2036
2035
2032
2029
2025
2022
2017
2013
2012
2008
2008
2007
2008
2009
2011
2017
2020
2024
2026
2026
2029
2030
2029
2026
2021
2019
2015
2012
2009
2005
2006
2007
2006
2008
2012
2017
2022
2026
2028
2030
2032
2034
2032
2028
2025
2023
2019
2014
2010
2007
2009
2009
2010
2011
2014
2020
2024
2028
2030
2033
2036
2037
2037
2034
2031
2029
2024
2022
2020
2019
2020
2019
2020
2021
2024
2030
2035
2039
2041
2042
2045
2044
2044
2041
2038
2036
2033
2029
2027
2026
2026
2025
2026
2028
2030
2035
2041
2045
2048
2050
2052
2055
2054
2051
2047
2043
2041
2039
2035
2035
2034
2035
2035
2037
2040
2047
2052
2057
2058
2061
2064
2065
2064
2061
2057
2056
2052
2051
2048
2046
2048
2047
2046
2048
2051
2056
2061
2066
2068
2072
2073
2076
2076
2073
2071
2067
2065
2061
2059
2057
2059
2058
2060
2061
2064
2071
2076
2081
2084
2085
2088
2087
2087
2085
2083
2080
2076
2073
2072
2071
2073
2073
2073
2076